  36.0500 -117.5219    8.387   -7.093   -3.485    0.188    0.251    0.739    0.000    0.000    0.000  ARGU 
  35.3519 -119.0208   12.325  -12.951   -1.984    0.282    0.355    0.546    0.000    0.000    0.000  BAK1 
  35.5581 -117.7827   12.956   -8.402   -3.444    0.301    0.238    0.547    0.000    0.000    0.000  BEER 
  35.8784 -118.0741   11.869   -9.336   -1.752    0.136    0.181    1.437    0.000    0.000    0.000  BEPK 
  35.4131 -119.0453   13.673  -15.063    1.642    0.333    0.375    1.549    0.000    0.000    0.000  BFLD 
  35.5911 -118.4980   12.855  -13.091   -2.128    0.352    1.447    0.311    0.000    0.000    0.000  BFSH 
  37.1678 -118.3383    9.669   -7.525   48.521    0.744    0.932    8.624    0.000    0.000    0.000  BIGP 
  37.2250 -117.1768    3.561   -3.526   -1.100    0.260    0.320    0.521    0.000    0.000    0.000  BONI 
  36.9176 -116.8717    3.418   -3.367    0.124    0.193    0.228    0.592    0.000    0.000    0.000  BULL 
  37.3464 -118.5549    9.378   -7.663    0.351    0.385    0.350    0.705    0.000    0.000    0.000  BUTM 
  37.6446 -118.8967    5.995  -11.122   -0.969    0.428    0.253    1.703    0.000    0.000    0.000  CA99 
  35.3507 -118.9688   12.072  -14.984   -1.299    0.247    0.272    0.891    0.000    0.000    0.000  CABK 
  35.6027 -118.4873   12.869  -11.001    2.506    0.348    0.393    5.194    0.000    0.000    0.000  CAIS 
  37.6446 -118.8967    5.970  -10.562    5.900    0.833    0.548    0.590    0.000    0.000    0.000  CASA 
  36.4003 -119.1038   12.581   -9.859    0.787    0.249    0.258    1.012    0.000    0.000    0.000  CAWO 
  35.5653 -117.6712   12.109   -8.720    2.643    0.142    0.168    1.071    0.000    0.000    0.000  CCCC 
  36.5364 -117.8209    7.268   -6.362   -0.631    0.291    0.348    0.799    0.000    0.000    0.000  CERR 
  36.0634 -117.8810   10.302   -6.099    1.604    0.341    0.343    0.663    0.000    0.000    0.000  COSJ 
  37.0812 -116.8184    3.274   -3.287   -0.735    0.132    0.153    0.690    0.000    0.000    0.000  CRAM 
  37.3426 -118.0472    6.354   -5.611   -0.545    0.315    0.286    0.746    0.000    0.000    0.000  DEEP 
  36.6925 -119.0180   11.063  -10.189   -1.060    0.291    0.290    0.753    0.000    0.000    0.000  DONO 
  37.3136 -117.3089    2.815   -3.504    0.358    0.318    0.268    0.986    0.000    0.000    0.000  DUNF 
  37.5671 -118.0065    5.587   -4.226    0.588    0.330    0.505    0.667    0.000    0.000    0.000  FISH 
  35.4252 -116.8893    8.467   -4.779    0.811    0.142    0.166    0.745    0.000    0.000    0.000  GOL2 
  35.4252 -116.8893    8.497   -4.845   -0.076    0.140    0.173    0.731    0.000    0.000    0.000  GOLD 
  36.6788 -119.0230   11.895   -9.530   -0.730    0.435    0.315    0.748    0.000    0.000    0.000  HELB 
  36.7236 -116.9792    4.121   -3.645   -2.288    0.307    0.327    0.808    0.000    0.000    0.000  HELL 
  36.6802 -119.0228   10.681  -10.567    1.656    0.640    0.659    1.950    0.000    0.000    0.000  HELP 
  35.8838 -117.4151    8.379   -7.519    3.572    0.589    1.003    0.829    0.000    0.000    0.000  HMWD 
  37.6586 -118.8213    8.811   -3.817    1.539    0.229    0.471    0.956    0.000    0.000    0.000  HOTK 
  37.1934 -116.9453    2.593   -3.652   -0.391    0.506    0.267    0.608    0.000    0.000    0.000  HW95 
  37.4663 -117.2983    3.718   -3.835    5.065    0.302    0.237    0.685    0.000    0.000    0.000  ICOR 
  36.7976 -118.2469    9.960   -7.112   -1.160    0.347    0.451    0.657    0.000    0.000    0.000  INDE 
  35.6623 -118.4743   12.323  -10.248   12.264    0.160    0.208    0.794    0.000    0.000    0.000  ISLK 
  36.3835 -119.0906   13.245  -10.695    2.025    0.520    0.600    0.680    0.000    0.000    0.000  KDCB 
  36.0357 -118.2013   11.855   -9.754    5.579    0.417    0.315    0.604    0.000    0.000    0.000  KENN 
  37.6591 -118.9792   10.239   -9.314   -2.385    0.276    0.329    0.705    0.000    0.000    0.000  KNOL 
  37.0295 -118.1807    8.204   -6.958   -2.875    0.299    0.348    0.675    0.000    0.000    0.000  LAVA 
  37.3931 -118.2923    7.345   -5.776   24.401    0.330    0.365    1.098    0.000    0.000    0.000  LAWS 
  37.6372 -119.0173   11.390   -8.903   18.250    0.249    0.306    0.601    0.000    0.000    0.000  LINC 
  36.3600 -119.0579   12.000   -9.463   19.895    0.199    0.262    0.777    0.000    0.000    0.000  LIND 
  36.3600 -119.0579   11.916  -10.621   -0.377    1.172    0.812    0.601    0.000    0.000    0.000  LNDC 
  36.5526 -118.1154   10.539   -8.055   -3.271    0.341    0.358    0.762    0.000    0.000    0.000  LONP 
  37.6538 -119.0609   10.403   -8.962    2.084    0.211    0.324    0.636    0.000    0.000    0.000  MINS 
  37.6405 -118.9447    9.046  -10.130    0.946    0.456    0.285    0.572    0.000    0.000    0.000  MWTP 
  36.2101 -117.9045   10.060   -7.251   19.632    0.682    0.455    0.779    0.000    0.000    0.000  OLNC 
  36.7426 -118.0550    7.625   -6.898   13.223    0.476    0.366    0.597    0.000    0.000    0.000  OWEN 
  36.0274 -119.0629   12.591  -13.447   11.982    0.189    0.233    0.878    0.000    0.000    0.000  P056 
  36.6143 -117.5315    5.321   -5.097    3.387    0.163    0.159    1.081    0.000    0.000    0.000  P091 
  36.8042 -117.4068    4.889   -4.457    0.253    0.147    0.157    0.844    0.000    0.000    0.000  P092 
  36.6060 -117.9941    7.986   -7.282    2.552    0.170    0.185    1.063    0.000    0.000    0.000  P093 
  37.2008 -117.7042    4.755   -4.816    1.763    0.137    0.151    0.840    0.000    0.000    0.000  P094 
  37.1776 -118.5198   10.065   -8.044   -2.591    0.194    0.208    0.830    0.000    0.000    0.000  P311 
  36.0225 -117.1647    6.518   -4.818    1.282    0.148    0.176    0.885    0.000    0.000    0.000  P463 
  36.1590 -117.4100    7.033   -5.929    0.769    0.169    0.186    0.866    0.000    0.000    0.000  P464 
  36.4668 -118.1324   10.978   -8.937    2.872    0.186    0.236    1.120    0.000    0.000    0.000  P465 
  36.5312 -117.7895    6.682   -6.453    0.953    0.172    0.175    1.117    0.000    0.000    0.000  P466 
  36.5702 -118.0906    9.513   -7.799    1.793    0.159    0.201    0.944    0.000    0.000    0.000  P467 
  36.9757 -118.1184    7.560   -6.760    3.676    0.143    0.169    2.373    0.000    0.000    0.000  P468 
  37.2314 -117.9358    5.683   -5.565    1.839    0.140    0.152    0.934    0.000    0.000    0.000  P469 
  35.4209 -118.7536   12.657  -11.901    2.362    0.129    0.160    2.015    0.000    0.000    0.000  P567 
  35.3780 -118.1238   13.352  -10.109    6.091    0.155    0.200    1.069    0.000    0.000    0.000  P569 
  35.6673 -118.2600   12.385  -10.020    3.156    0.153    0.185    1.386    0.000    0.000    0.000  P570 
  36.2314 -118.7667   11.786   -9.653    3.844    0.131    0.156    1.384    0.000    0.000    0.000  P571 
  36.5855 -118.9546   11.769   -9.325    1.443    0.149    0.169    3.166    0.000    0.000    0.000  P572 
  36.0931 -118.2605   11.362   -9.442    3.038    0.156    0.206    1.379    0.000    0.000    0.000  P573 
  35.6209 -117.1922    9.060   -6.274    4.765    0.153    0.180    1.111    0.000    0.000    0.000  P580 
  35.3879 -117.2051   10.848   -5.698   -0.181    0.137    0.167    1.926    0.000    0.000    0.000  P593 
  35.8967 -117.3901    8.174   -6.387    1.643    0.164    0.183    0.823    0.000    0.000    0.000  P594 
  35.6976 -117.4028    9.547   -6.963    0.135    0.141    0.168    0.745    0.000    0.000    0.000  P595 
  35.9982 -116.8895    5.422   -4.209    3.224    0.150    0.180    1.449    0.000    0.000    0.000  P596 
  35.7106 -116.8884    6.760   -4.568   -3.265    0.156    0.194    2.452    0.000    0.000    0.000  P597 
  35.4246 -117.8933   13.033   -9.101    1.957    0.171    0.188    1.388    0.000    0.000    0.000  P616 
  37.3759 -119.1794   10.360   -9.996   -0.750    0.157    0.186    6.218    0.000    0.000    0.000  P629 
  37.6130 -119.0004    9.503  -10.521    0.605    0.415    0.268    0.843    0.000    0.000    0.000  P630 
  37.6053 -118.9159    6.652   -8.481    1.867    0.575    0.207    5.696    0.000    0.000    0.000  P631 
  37.6966 -119.0258   11.158  -10.637   -0.984    0.218    0.369    0.882    0.000    0.000    0.000  P634 
  37.6546 -118.8687    8.264   -4.506    2.476    0.265    0.334    0.883    0.000    0.000    0.000  P639 
  37.5914 -118.8167    7.640   -7.484    2.070    0.481    0.250    0.846    0.000    0.000    0.000  P642 
  37.5616 -118.6982    8.282   -5.804    2.494    0.219    0.213    1.730    0.000    0.000    0.000  P643 
  37.4954 -118.6844    8.033   -7.252    1.671    0.251    0.227    1.147    0.000    0.000    0.000  P644 
  37.5413 -118.5935    8.199   -6.343   -0.147    0.178    0.209    0.876    0.000    0.000    0.000  P645 
  37.6770 -118.8200    9.665   -3.638    1.574    0.163    0.414    1.682    0.000    0.000    0.000  P646 
  37.5631 -118.3870    7.301   -5.613    1.333    0.152    0.166    0.967    0.000    0.000    0.000  P651 
  37.5892 -118.2385    6.600   -5.335   -1.199    0.178    0.198    1.104    0.000    0.000    0.000  P652 
  37.3804 -118.7248    9.284   -7.572    2.875    0.249    0.291    1.077    0.000    0.000    0.000  P723 
  37.4395 -118.5611    8.570   -7.138    2.339    0.176    0.216    0.812    0.000    0.000    0.000  P724 
  37.2805 -118.1467    6.616   -6.171    2.914    0.138    0.169    1.370    0.000    0.000    0.000  P726 
  37.2736 -118.4668    9.222   -8.008   -1.740    0.156    0.188    0.572    0.000    0.000    0.000  P727 
  36.2397 -117.4186    6.880   -6.053   -1.469    0.208    0.286    0.585    0.000    0.000    0.000  PANA 
  35.8552 -117.9026   12.617   -8.653   -1.332    0.311    0.343    0.874    0.000    0.000    0.000  PEAR 
  36.9804 -117.0339    3.620   -3.453    1.070    0.163    0.177    0.853    0.000    0.000    0.000  PHIN 
  35.3387 -117.6834   13.488   -7.454    1.314    0.135    0.145    6.221    0.000    0.000    0.000  RAMT 
  37.6771 -118.8979   10.113   -7.305    1.353    0.170    0.285    0.713    0.000    0.000    0.000  RDOM 
  36.2179 -117.0855    5.607   -4.251    0.150    0.192    0.262    0.404    0.000    0.000    0.000  ROGE 
  37.6899 -118.9532   10.130   -9.794    0.399    0.233    0.280    0.939    0.000    0.000    0.000  SAWC 
  37.6249 -118.9456    8.138   -9.523    1.106    0.508    0.312    0.925    0.000    0.000    0.000  SHRC 
  37.2212 -117.6842    5.310   -4.484    0.634    0.381    0.477    0.878    0.000    0.000    0.000  SULF 
  37.4525 -117.7445    4.434   -4.582    0.784    0.261    0.254    1.720    0.000    0.000    0.000  SYLV 
  36.3513 -117.7116    7.227   -4.952   -1.397    0.685    1.276    1.513    0.000    0.000    0.000  TALC 
  37.6189 -118.8629    9.506   -7.188   -1.111    0.473    0.269    0.881    0.000    0.000    0.000  TILC 
  35.8086 -117.7649   11.602   -8.666    0.540    0.387    0.377    2.013    0.000    0.000    0.000  TOWG 
  37.3988 -117.1091    3.569   -3.564   -0.532    0.324    0.277    0.972    0.000    0.000    0.000  UFOS 
  36.9953 -117.3634    4.448   -3.908    3.237    0.301    0.360    1.007    0.000    0.000    0.000  VINE 
  35.7384 -118.5570   12.703  -11.116    2.011    0.450    0.423    0.634    0.000    0.000    0.000  WASG 
  37.6643 -118.6539    9.153   -5.202    9.442    0.186    0.257    0.843    0.000    0.000    0.000  WATC 
  35.6951 -118.3520   11.976  -10.828    8.939    0.303    0.337    0.709    0.000    0.000    0.000  WHFG 
  37.6083 -117.8829    4.701   -4.214    8.989    0.288    0.341    1.026    0.000    0.000    0.000  WOLF 
  35.6956 -118.2424   12.763  -10.660    3.272    0.370    0.507    0.761    0.000    0.000    0.000  WORG 
  37.5582 -117.4902    3.486   -3.872    3.692    0.223    0.292    0.801    0.000    0.000    0.000  ZUMA 
